0000 0000 0000 0000 0000 0000 0000 0000 0000 0000 
0000 0000 0000 0000 0000 0000 0000 0000 0000 0000 
0000 0000 0000 0000 0000 0000 0000 0000 0000 0000 
0000 0000 0000 0000 0000 0000 0000 0000 0000 0000 
0000 0000 0000 0000 0000 0000 0000 0000 0000 0000 
0000 0000 0000 0000 0000 0000 0000 0000 0000 0000 
0000 0000 0000 0000 0000 0000 0000 0000 0000 0000 
0000 0000 0000 0000 0000 0000 0000 0000 0000 0000 
0000 0000 0000 0000 0000 0000 0000 0000 0000 0000 
0000 0000 0000 0000 0000 0000 0000 0000 0000 0000 
0000 0000 0000 0000 0000 0000 0000 0000 0000 0000 
0000 0000 0000 0000 0000 0000 0000 0000 0000 0000 
0000 0000 0000 0000 0000 0000 0000 0000 0000 0000 
0000 0000 0000 0000 0000 0000 0000 0000 0000 0000 
0000 0000 0000 0000 0000 0000 0000 0000 0000 0000 
0000 0000 0000 0000 0000 0000 0000 0000 0000 0000 
0000 0000 0000 0000 0000 0000 0000 0000 0000 0000 
0000 0000 0000 0000 0000 0000 0000 0000 0000 0000 
0000 0000 0000 0000 0000 0000 0000 0000 0000 0000 
0000 0000 0000 0000 0000 0000 0000 0000 0000 0000 
0000 0000 0000 0000 0000 0000 0000 0000 0000 0000 
0000 0000 0000 0000 0000 0000 0000 0000 0000 0000 
0000 0000 0000 0000 0000 0000 0000 0000 0000 0000 
0000 0000 0000 0000 0000 0000 0000 0000 0000 0000 
0000 0000 0000 0000 0000 0000 0000 0000 0000 0000 
0000 0000 0000 0000 0000 0000 0000 0000 0000 0000 
0000 0000 0000 0000 0000 0000 0000 0000 0000 0000 
0000 0000 0000 0000 0000 0000 0000 0000 0000 0000 
0000 0000 0000 0000 0000 0000 0000 0000 0000 0000 
0000 0000 0000 0000 0000 0000 0000 0000 0000 0000 
0000 0000 0000 0000 0000 0000 0000 0000 0000 0000 
0000 0022 0000 0000 0000 0000 0000 0000 0000 0000 
0000 0000 0000 0000 0000 0008 0000 0000 0000 0007 
0000 0000 0000 0000 0010 0000 0000 0000 0000 0000 
0000 0000 0000 0000 0000 0000 0000 0000 0000 0000 
0000 0000 0000 0000 0000 0000 0000 0000 0000 0000 
0000 0000 0008 0000 0000 0000 0000 0000 0000 0000 
0000 0000 0000 0000 0009 0000 0000 0000 0000 0000 
0009 0000 0000 0000 0000 0000 0000 0000 0000 0000 
0000 0000 0004 0000 0000 0000 0000 0000 0000 0000 
0000 0000 0000 0000 0000 0000 0000 000b 0000 0000 
0000 000b 0000 0000 0006 0000 0000 0007 0010 0000 
0000 0000 0000 0000 0000 0000 0000 0000 0005 0000 
0006 0005 0000 0000 0010 0000 0000 0000 0007 0000 
0000 0000 0000 0000 0000 0000 0000 0009 0000 0000 
0000 0009 0000 0000 0000 0000 0000 0000 0000 0000 
0000 0000 0000 0000 0000 0000 0000 0000 0000 0000 
0009 0000 0000 0000 0000 0000 0000 0000 0000 0000 
0000 0000 0000 0000 0000 0000 0000 0011 0000 000f 
0000 0000 0000 0000 0000 0000 0000 0000 0000 0000 
0000 0004 0000 0000 0000 0000 0000 0000 0000 0000 
0000 0000 0009 0000 0000 0000 000d 0000 0000 0000 
0000 0000 0000 0009 0000 0000 0000 0000 0000 0000 
0000 0000 0000 0000 0000 0000 0000 0000 0000 0008 
0000 0000 0000 0000 0005 0000 0000 0000 0000 0000 
0000 0000 0000 0000 0000 0000 0000 0000 0000 0000 
0000 0005 0000 0000 0000 0000 0000 0000 0000 0000 
0000 0000 0000 0000 0000 0000 0000 0000 0000 0000 
0000 0000 0000 0000 0000 0000 0000 0000 0000 0000 
0000 0009 0000 0000 0000 0006 000a 0000 0000 0000 
0006 000e 0000 0000 0000 0000 0000 0000 0000 0000 
0000 0000 000a 0000 0000 0000 0000 0000 0000 0000 
0000 0000 0005 0000 0000 0000 0000 0000 0000 0000 
0000 0000 0000 0000 0000 0000 0000 0000 0000 0000 
0000 0000 0000 0000 0000 0000 0000 0000 0000 0005 
0009 0000 0000 0000 0005 0000 0000 0000 0000 0000 
0000 0000 0000 0006 0000 0000 0000 0000 0000 0000 
0000 0000 0000 0000 0000 0000 0000 0000 0000 0000 
0000 0000 0000 0000 0000 0000 0000 0000 0000 0000 
0000 0000 0000 0000 0000 0000 0000 0005 0000 0000 
0000 0000 0000 0000 0000 0000 0000 0000 0000 0000 
0000 0000 0000 0000 0000 0000 0000 0000 0000 0000 
0000 0000 000c 0000 0000 0000 0010 0000 0000 0000 
0000 0000 0010 0000 0000 0000 0000 0000 0000 0000 
0000 0000 0000 0000 0000 0000 0000 0000 0000 0000 
0000 0000 000c 0000 0000 0000 0000 0000 000c 0000 
0000 0000 0000 0000 0000 0000 0000 0000 0000 0000 
0000 0000 0000 0000 0000 0000 0000 0000 0000 0000 
0000 0000 0000 0000 0000 0000 0000 0000 0000 0000 
0000 0000 0000 0000 0000 0000 0000 0000 0000 0000 
0000 0000 0000 0000 0000 0000 0020 0000 0000 0000 
0000 0000 0007 0000 0000 0000 0000 0000 0000 0000 
0000 0000 0000 0000 000a 0000 0000 0000 0000 0000 
0000 0000 0000 0000 0000 0000 0000 0000 0000 0000 
0000 0000 0000 0000 0000 0000 0000 0000 0000 0000 
0000 0000 0000 0000 0000 000e 0000 0000 0000 0000 
0000 0000 0000 001c 0000 0000 0000 0000 0000 0000 
0000 0000 0000 0000 0000 0000 0000 0000 0000 0000 
0000 0000 0000 0000 0000 0000 0000 0000 0000 0000 
0000 0000 0000 0000 0000 0000 0000 0000 0000 0000 
0000 0000 0000 0000 0000 0000 0000 0000 0000 0000 
0000 0000 0000 0000 0000 0000 0000 0000 0000 0000 
0000 0000 0000 0000 0000 0000 0000 0000 0000 0000 
0000 0000 0000 0000 0000 0000 0000 0000 0000 0000 
0000 000b 0000 0000 0000 0000 0000 0000 0000 0000 
0000 0000 0000 0000 000b 0000 0000 001e 0000 0000 
0000 0000 0000 0000 0000 0000 0000 0000 0000 0000 
0000 0000 0000 0000 0000 0000 0000 0000 0000 0000 
0000 0000 0000 0000 0000 0000 0000 0000 0000 0000 
0000 0000 0000 0000 0000 0000 0000 0000 0000 0000 
0000 0000 0000 0000 0000 0000 0000 0000 0000 0000 
0000 0000 0000 0000 0000 0000 0000 000e 0000 0000 
0000 0000 0000 000d 0000 0000 0000 0000 0000 0000 
0000 0000 0000 0000 0000 0000 0000 0000 0000 0000 
0000 0000 0000 0000 0000 0000 0000 0000 0000 0000 
0000 0000 0000 0006 0000 0000 0000 0000 0006 000d 
0000 0000 0000 0000 0000 0000 0000 0000 0000 0000 
0000 0000 0000 0000 0000 0000 0000 0000 0000 0000 
0000 0000 0000 0000 0000 0000 0000 0000 0000 0000 
0000 0000 0000 0000 0000 0000 0000 0000 0000 0000 
0000 0000 0000 0000 0000 0000 0000 0000 0000 0000 
0007 0000 0000 0000 0000 0000 0000 0000 0000 0029 
0019 0000 0000 0000 000b 0000 0000 0000 0000 0000 
0000 0000 0000 0000 0000 0000 0000 0000 0000 0000 
0000 0000 0008 0000 0000 0000 0000 0000 0000 0000 
0000 000d 0000 0000 0000 0000 0000 0000 0000 0000 
0000 0000 0000 0000 0000 0000 0011 0000 0000 0000 
0000 0000 0000 0000 0000 0000 0000 0000 0000 0000 
0000 0000 0000 0000 0000 0000 0000 0000 0000 0000 
000c 0000 0000 0000 0000 0000 001d 0000 0000 0000 
0000 0000 0000 0007 0008 000c 0000 0000 0000 0000 
0000 0000 0000 0000 0000 0000 0000 0000 0000 0000 
0000 000c 0000 0000 0000 0000 0000 0007 0000 0000 
0000 0000 0000 0000 0000 0000 0000 0000 0000 0000 
0000 0000 0000 0000 0000 0000 0000 0000 0000 0000 
0015 0000 0000 0000 0000 0000 0026 0007 0000 0000 
0007 0000 0000 0000 0000 0000 0000 0000 0000 0000 
0000 0028 000c 0000 0000 0000 0000 0000 0000 000c 
0000 0000 0000 0000 0000 0000 0000 0000 0000 0000 
0000 0000 0000 0000 0000 0000 0000 0007 0000 0012 
0000 0000 0000 0000 0000 0000 0000 0000 0000 0000 
0000 0000 0000 0000 0000 0000 0000 0000 0000 000e 
0000 0000 0000 0000 0000 0000 0000 0000 0000 0000 
0000 0000 0000 0000 0000 0000 0000 0000 0000 0000 
0000 0000 0000 0000 0000 0000 0000 0000 0000 0000 
0000 0000 0000 0000 0000 0000 0000 0000 0000 0000 
0000 0000 0000 0000 0000 0000 0000 0000 0000 0000 
0000 0000 0000 0000 0000 0000 0000 0000 0000 0000 
0000 0000 0000 0000 0000 0000 0000 0009 0000 0000 
0000 0007 0000 0000 0000 0000 0000 0000 0000 0000 
0000 0000 0000 0000 0000 0000 0000 0000 0000 0000 
000c 0000 0010 0000 0000 0000 0000 0000 0000 0000 
0000 0000 0000 0000 0000 0000 0000 0000 0000 0000 
0000 0000 0000 0000 0000 0000 0000 0000 0000 0000 
0000 000e 001a 0000 0000 001e 0000 0000 0000 0000 
0000 0000 0000 0000 0000 0000 0000 0000 0000 0000 
0000 0000 0000 0000 0000 0000 0000 0000 0000 0000 
0000 0000 0000 0000 0000 0000 0000 0000 0000 0000 
0000 0000 0000 0000 0000 0000 0000 0000 0000 0000 
0000 0000 0000 0000 0000 0000 0000 0000 0000 0000 
0000 0010 0000 0000 0000 0000 0000 0000 0000 0000 
0000 0000 0000 0000 0000 0000 0000 0000 0000 0000 
0000 0000 0000 0000 0000 0000 0000 0000 0000 0000 
0000 0000 0000 0000 0000 0000 0000 0000 0000 000c 
0000 0000 0000 0000 0000 0000 0000 0000 0000 0000 
0000 0000 0000 0000 0007 0000 0000 0000 0000 0000 
0000 0000 0000 0000 0000 0010 0000 0000 0000 0000 
0000 0000 0000 0000 0000 0000 0000 0000 0000 0000 
0000 0000 0000 0000 0000 0000 0000 0000 0000 0000 
0000 0000 0000 0000 0000 0000 0000 0000 0000 0000 
0000 0000 0000 0000 0000 0000 0000 0000 0000 0000 
0000 0000 0000 0000 0000 0000 0000 0000 0000 0000 
0000 0000 0000 0000 0000 0000 0000 0000 0000 0000 
0000 0000 0000 0000 0000 0000 000f 0000 0000 0000 
0000 0000 0000 0000 0000 0000 0000 0000 0000 0000 
0000 0000 0000 0000 0000 0000 0000 0000 0000 0000 
0000 0000 0000 0000 0000 0000 0000 0000 0000 0000 
0000 0000 0000 0000 0000 0000 0000 0000 0000 0000 
0000 0000 0000 0000 0000 0000 0000 0000 0000 0007 
0000 0000 0000 0000 0000 0007 0000 0000 0000 0000 
0000 0000 0000 0000 000d 0000 0000 0000 0000 0000 
0000 0000 0000 0000 0000 0000 0000 0008 0000 0000 
0000 0000 0000 0000 0000 0000 0000 0000 0000 0000 
0000 0000 0000 0000 0000 0000 0000 0000 0000 0000 
0000 0000 0000 0000 0000 0000 0000 0000 0000 0000 
0000 0000 0000 0000 0000 0000 0000 0000 0000 0000 
0000 0000 0000 0000 0000 0000 0000 000d 0000 0000 
0000 0000 0000 0000 0000 0000 0000 0000 0000 0000 
0000 0000 0000 0000 0000 0000 0000 0000 0000 0010 
0000 0000 0000 0000 0000 0000 0000 0000 0000 0000 
0000 0000 0000 0000 0000 0000 0000 0000 0000 0000 
0000 0000 0000 0000 0000 0000 0000 0000 0000 0000 
0000 0000 0000 0000 0000 0000 0000 0000 0000 0000 
0000 0000 0000 0000 0000 0000 0000 0000 0000 0000 
0000 0000 0000 0000 0000 0000 0000 0000 0000 0000 
0000 0000 0000 0000 0000 0000 000e 0000 0000 0000 
0000 0000 0000 0000 0000 0000 0000 0000 0000 0006 
0000 0000 0000 0000 000a 0000 0000 0000 0000 0000 
0000 0000 0000 0000 0000 0000 0000 0000 0000 0000 
0000 0000 0000 0000 0000 0000 0000 0000 0000 0000 
0000 0000 0000 0000 0000 0000 0000 0017 0000 0000 
0000 0000 0000 0000 0000 0000 0000 0000 0011 000d 
0000 0000 0000 0000 0000 0000 0000 000d 0000 0000 
0000 0000 0000 0000 0000 0000 0000 0000 0000 0000 
0000 0000 000f 0000 0000 0000 0000 0000 0000 0000 
0000 0000 0000 000a 0000 0000 0000 0000 0000 0000 
0000 000a 0000 0000 0000 0000 0000 0000 0000 0000 
0000 0000 0000 0007 0000 0000 0000 0000 0000 0000 
0000 0000 0000 0000 0000 0000 0000 0000 0000 0000 
0000 000c 0000 0000 0016 0000 0000 0000 0000 0000 
0000 0000 0000 0000 0000 0000 0000 0000 0000 0000 
0000 0000 0000 0000 0000 0000 0000 0000 001d 0010 
0000 0000 0000 000c 0000 0007 0000 0000 0000 0000 
0000 0000 0000 0000 0000 0000 0000 0000 0007 0000 
0000 0000 0000 0000 0000 0000 0000 0000 0000 0000 
0000 0000 0000 0000 0005 0007 0000 0000 0000 0000 
0000 0000 0000 0000 0000 0000 0000 000c 0000 0000 
0016 0000 0000 0000 0000 0000 0000 0000 0000 0000 
0000 0000 0000 0000 0000 0000 0000 0000 0000 0000 
0000 0000 0000 0000 000c 0000 0000 0000 0000 0000 
0000 0000 0000 0000 0000 0000 0000 0000 0000 0000 
0000 0000 0006 0000 0009 0000 0000 0000 001b 0000 
0000 0000 0000 0000 0000 0000 0015 0000 0000 0000 
0000 0005 0000 0000 0000 0000 0000 0000 0000 0000 
0000 0000 0005 0000 0000 0000 0000 0000 000f 0000 
0000 0000 0000 0000 0000 0000 0000 0000 0000 0000 
0000 000a 0000 0000 0000 000a 0000 0000 0006 0000 
0000 0019 0008 0000 0000 0000 0000 0000 0000 0000 
0000 0000 0000 0000 0000 0000 0000 0000 0000 0000 
0000 0000 0000 0000 0000 0000 0000 0000 0000 0017 
0000 0000 0000 0000 0000 0000 000e 0000 0000 0000 
0000 0000 0000 0000 0000 0000 0000 0000 0005 0000 
0000 0000 0000 0000 0000 0000 0000 0000 0000 0012 
0000 0000 0000 0000 000a 0000 0010 0000 0000 0000 
0000 0000 0000 000d 0000 0000 0000 0000 0000 0000 
0000 0000 0000 0000 0000 0000 0000 0000 0000 0000 
0000 000e 0000 0000 0000 0000 0009 0000 0000 0005 
0000 0000 0000 0000 0000 0000 0000 0000 0000 0000 
0000 0000 0000 0000 0000 0000 0000 0000 0000 0000 
0000 0000 0000 0008 0000 0000 0000 0000 0000 0000 
0000 0000 0000 0000 0000 0000 0000 0000 0000 0000 
0000 0000 0000 0000 0000 0000 0000 0000 0000 0000 
0000 0000 0000 0000 0000 0000 0000 0000 0005 0000 
0000 0004 0008 0000 0000 0000 0000 0000 0000 0000 
0014 0000 0000 0000 0000 0000 0000 0000 0000 0000 
0000 0000 0000 0000 0000 0000 0000 0000 0000 0000 
0000 0000 0000 0000 000a 0000 0000 0000 0000 0000 
0000 0000 0000 0000 0000 0000 0000 0000 0009 0000 
0000 0000 0009 0000 0000 0000 0000 0000 0008 0000 
0000 0000 0000 0006 0000 0000 0000 0000 0000 0000 
0010 0007 0000 0000 0000 0000 0000 0000 0000 0000 
000c 0000 0006 0000 0000 0000 0000 0000 0000 0000 
0000 000b 0000 0000 0000 0000 0000 0000 0008 0000 
0000 0000 0000 0000 0000 000b 001a 0000 0000 0000 
0000 0000 0000 0000 0000 0000 0000 0000 0000 0000 
0000 000a 0000 0000 0000 0000 0000 0000 0000 0000 
0000 0000 0000 0000 0009 0000 0000 0000 0000 000a 
0003 0000 0000 0000 0000 0000 0000 0000 0000 0000 
0006 0000 0000 0000 0000 0000 0003 0008 0000 0000 
0000 0000 0000 0000 0000 0000 0000 0009 0000 0000 
0000 0000 0000 0009 0003 0000 0000 0000 0000 0000 
0000 000e 0000 0000 0000 0000 0009 0000 0000 0000 
0000 0000 0000 0000 0000 0000 0000 0000 0000 0000 
0000 0000 0000 0000 0000 0000 0000 0000 0000 0000 
0000 0000 0000 0000 0000 0000 0000 0000 0000 0000 
0000 0000 0000 0000 0000 0000 0000 0000 0000 0000 
0000 0000 0000 0000 0000 0000 0000 0000 0000 0000 
0000 0000 0000 0000 0000 0000 0000 0000 0000 0000 
0000 0000 0000 0000 0000 0000 0000 0000 0000 0000 
0000 0000 0000 0000 0000 0000 0000 0000 0000 0000 
0000 0000 0000 0000 0000 0000 0000 0000 0000 0000 
0000 0000 0000 0000 0000 0000 0000 0000 0000 0000 
0000 0000 0000 0000 0000 0000 0000 0000 0000 0000 
0000 0000 0000 0000 0000 0000 0000 0000 0000 0000 
0000 0000 0000 0000 0000 0000 0000 0000 0000 0000 
0000 0000 0000 0000 0000 0000 0000 0000 0000 0000 
0000 0000 0000 0000 0000 0000 0000 0000 0000 0000 
0000 0000 0000 0000 0000 0000 0000 0000 0000 0000 
0000 0000 0000 0000 0000 0000 0000 0000 0000 0000 
0000 0000 0000 0000 0000 0000 0000 0000 0000 0000 
0000 0000 0000 0000 0000 0000 0000 0000 0000 0000 
0000 0000 0000 0000 0000 0000 0000 0000 0000 0000 
0000 0000 0000 0000 0000 0000 0000 0000 0000 0000 
0000 0000 0000 0000 0000 0000 0000 0000 0000 0000 
0000 0000 0000 0000 0000 0000 0000 0000 0000 0000 
0000 0000 0000 0000 0000 0000 0000 0000 0000 0000 
0000 0000 0000 0000 0000 0000 0000 0000 0000 0000 
0000 0000 0000 0000 0000 0000 0000 0000 0000 0000 
0000 0000 0000 0000 0000 0000 0000 0000 0000 0000 
0000 0000 0000 0000 0000 0000 0000 0000 0000 0000 
0000 0000 0000 0000 0000 0000 0000 0000 