2.500000 0.759600 0.000000 0.000000 -0.081037 0.000000 4294967296.000000 2.086959 0.000000
28.751804 0.180150 4.505165 1.000000 3.039703 0.000000 4294967296.000000 5.207700 2.000000
0.000000 -10.000000 4.505165 -10.000000 0.000000 0.000000 4294967296.000000 0.000000 100.000000
46.750229 -0.457483 30.503333 1.000000 -17.587062 0.000000 0.000000 -22.141300 0.000000
48.750740 0.146700 11.252084 1.000000 1.366085 1.000000 0.000000 7.177413 0.000000
0.000000 -10.000000 11.252084 -10.000000 0.000000 1.000000 0.000000 0.000000 100.000000
0.000000 -10.000000 11.252084 -10.000000 0.000000 1.000000 0.000000 0.000000 100.000000
45.500206 -0.779836 23.513249 1.000000 -41.907911 1.000000 0.000000 -39.190075 27.003166
13.000000 2.288300 0.000000 0.000000 66.413213 2.000000 0.000000 63.418720 0.000000
30.250742 -1.385182 24.041601 1.000000 -58.946721 0.000000 4294967296.000000 -56.648695 2.250000
31.250000 1.132567 7.598600 10.000000 38.558187 0.000000 0.000000 43.459486 9.251338
0.000000 -10.000000 7.598600 -10.000000 0.000000 0.000000 0.000000 0.000000 100.000000
54.000000 1.618967 0.000000 10.000000 126.377025 6.000000 0.000000 130.943746 18.500000
20.250000 1.398000 0.000000 0.000000 33.655496 0.000000 4294967296.000000 38.475071 1.250000
63.000000 0.889400 0.000000 0.000000 58.706993 4294967296.000000 0.000000 63.717154 0.000000
50.250305 0.598100 20.509347 1.000000 26.868750 2.000000 0.000000 31.878912 25.750000
0.000000 -10.000000 20.509347 -10.000000 0.000000 2.000000 0.000000 0.000000 100.000000
0.000000 -10.000000 20.509347 -10.000000 0.000000 2.000000 0.000000 0.000000 100.000000
0.000000 -10.000000 20.509347 -10.000000 0.000000 2.000000 0.000000 0.000000 100.000000
0.000000 -10.000000 20.509347 -10.000000 0.000000 2.000000 0.000000 0.000000 100.000000
0.000000 -10.000000 20.509347 -10.000000 0.000000 2.000000 0.000000 0.000000 100.000000
63.250195 0.454900 37.252734 1.000000 37.574674 0.000000 0.000000 29.775167 11.252445
19.750000 -0.598900 0.000000 0.000000 -4.748655 4294967296.000000 0.000000 -12.548162 8.000000
20.250000 2.233600 0.000000 0.000000 95.097427 0.000000 1.000000 93.415913 0.000000
4.500000 -2.187500 0.000000 0.000000 -18.120075 1.000000 0.000000 -19.801589 3.250000
0.000000 -10.000000 0.000000 -10.000000 0.000000 1.000000 0.000000 0.000000 100.000000
22.250000 0.120267 0.000000 10.000000 4.704237 16.000000 0.000000 2.682389 3.750000
3.000000 1.023800 0.000000 0.000000 5.658637 0.000000 4294967296.000000 3.636789 0.000000
13.000000 2.408800 0.000000 0.000000 73.721294 3.000000 0.000000 71.699446 22.250000
0.000000 -10.000000 0.000000 -10.000000 0.000000 3.000000 0.000000 0.000000 100.000000
26.250174 -1.058689 18.280010 1.000000 -30.641134 0.000000 0.000000 -33.280998 5.250631
27.250000 -0.778800 0.000000 0.000000 -20.793769 0.000000 4294967296.000000 -23.433633 0.000000
92.500000 -0.223420 13.503115 10.000000 -17.546476 5.000000 0.000000 -20.838679 7.750000
32.250263 -0.401500 27.253735 1.000000 -10.006980 4.000000 0.000000 -13.299182 0.000000
4.250000 -2.292300 0.000000 0.000000 -12.813438 4.000000 0.000000 -20.817865 2.500000
0.000000 -10.000000 0.000000 -10.000000 0.000000 4.000000 0.000000 0.000000 100.000000
0.000000 -10.000000 0.000000 -10.000000 0.000000 4.000000 0.000000 0.000000 100.000000
29.750000 2.149300 0.000000 0.000000 120.121782 4.000000 0.000000 125.876508 7.750000
41.005646 -0.453600 1.328863 1.000000 -21.619687 4294967296.000000 0.000000 -19.244594 20.250000
0.000000 -10.000000 1.328863 -10.000000 0.000000 4294967296.000000 0.000000 0.000000 100.000000
0.000000 -10.000000 1.328863 -10.000000 0.000000 4294967296.000000 0.000000 0.000000 100.000000
3.250000 -2.480100 0.000000 0.000000 -27.147918 0.000000 4294967296.000000 -19.270424 0.000000
2.500000 -0.860100 0.000000 0.000000 -10.302840 5.000000 0.000000 -2.425346 0.000000
45.250000 1.670033 0.000000 10.000000 120.616862 11.000000 0.000000 115.932825 1.750000
26.250000 -1.223111 9.826055 10.000000 -40.661559 2.000000 0.000000 -40.732519 2.250000
31.250000 -1.987300 0.000000 0.000000 -113.270058 0.000000 4294967296.000000 -111.855371 0.000000
46.500000 1.578067 0.000000 10.000000 108.257450 4.000000 0.000000 107.861519 21.250000
35.750000 0.204600 0.000000 0.000000 7.761520 31.000000 0.000000 7.365589 0.000000
46.500000 1.578067 0.000000 10.000000 108.257450 4.000000 0.000000 107.861519 21.250000
55.250263 1.150185 43.265049 1.000000 82.726553 0.000000 0.000000 78.516156 1.250000
33.750000 -0.245304 27.000862 10.000000 -13.400085 1.000000 0.000000 -8.362294 0.000000
37.750000 0.710767 7.284046 10.000000 24.110566 2.000000 0.000000 29.148358 9.754447
0.000000 -10.000000 7.284046 -10.000000 0.000000 2.000000 0.000000 0.000000 100.000000
23.000000 -2.919063 0.000000 0.000000 -215.228302 1.000000 0.000000 -212.404308 5.750000
0.000000 -10.000000 0.000000 -10.000000 0.000000 1.000000 0.000000 0.000000 100.000000
0.000000 -10.000000 0.000000 -10.000000 0.000000 1.000000 0.000000 0.000000 100.000000
32.250000 1.405900 0.000000 0.000000 63.341407 15.000000 0.000000 61.824057 0.000000
25.500000 2.107400 0.000000 0.000000 108.460860 0.000000 4294967296.000000 103.342188 0.000000
50.751297 -0.211350 6.253720 1.000000 -10.388665 8.000000 0.000000 -10.806320 10.253222
26.000000 -0.368400 0.000000 0.000000 -9.378882 2.000000 0.000000 -9.796536 0.000000
29.000000 -1.854600 0.000000 0.000000 -99.084587 1.000000 0.000000 -90.373080 0.000000
30.750000 -0.270200 0.000000 0.000000 -4.277866 3.000000 0.000000 -8.410120 0.000000
22.750565 0.253850 14.252955 1.000000 9.969711 4294967296.000000 0.000000 5.837457 0.000000
26.000313 -0.899694 13.029390 1.000000 -26.356518 0.000000 0.000000 -26.678352 9.752049
28.750000 1.234400 0.000000 0.000000 39.971180 2.000000 0.000000 45.213787 0.000000
0.000000 -10.000000 0.000000 -10.000000 0.000000 2.000000 0.000000 0.000000 100.000000
6.250000 1.665900 0.000000 0.000000 16.231094 0.000000 4294967296.000000 15.941912 3.750000
0.000000 -10.000000 0.000000 -10.000000 0.000000 0.000000 4294967296.000000 0.000000 100.000000
0.000000 -10.000000 0.000000 -10.000000 0.000000 0.000000 4294967296.000000 0.000000 100.000000
0.000000 -10.000000 0.000000 -10.000000 0.000000 0.000000 4294967296.000000 0.000000 100.000000
80.250000 0.856500 0.000000 10.000000 72.948029 1.000000 0.000000 77.451619 5.750000
34.001686 0.063500 5.002443 1.000000 -2.343032 0.000000 0.000000 2.160558 3.500000
10.751876 -0.082500 4.501876 1.000000 -5.391626 1.000000 0.000000 -0.888036 28.009109
17.251307 -0.910850 3.150188 1.000000 -13.485883 6.000000 0.000000 -17.978042 0.000000
0.000000 -10.000000 3.150188 -10.000000 0.000000 6.000000 0.000000 0.000000 100.000000
25.250000 0.280844 5.008375 10.000000 7.478841 3.000000 0.000000 7.184904 2.000000
25.750000 0.413500 0.000000 0.000000 16.192787 0.000000 4294967296.000000 10.953656 0.000000
8.253651 0.278986 2.260358 1.000000 -1.863700 1.000000 1.000000 2.332642 0.000000
15.750878 0.135400 9.501277 1.000000 -3.561193 0.000000 0.000000 2.139191 0.000000
0.000000 -10.000000 9.501277 -10.000000 0.000000 0.000000 0.000000 0.000000 100.000000
27.755486 0.533650 1.328710 1.000000 11.838528 3.000000 0.000000 15.524814 0.000000
0.000000 -10.000000 1.328710 -10.000000 0.000000 3.000000 0.000000 0.000000 100.000000
50.005058 0.476450 1.359284 1.000000 22.438113 0.000000 4294967296.000000 24.736592 8.750000
33.500408 0.522799 15.759057 1.000000 16.024306 0.000000 0.000000 18.322785 30.250000
36.000000 1.207000 0.000000 0.000000 61.742828 4.000000 0.000000 54.798230 0.000000
25.750000 -0.240600 0.000000 0.000000 0.689201 0.000000 4294967296.000000 -6.255397 0.000000
5.250000 -2.552544 0.000000 0.000000 -26.555244 0.000000 1.000000 -33.499843 0.000000
0.000000 -10.000000 0.000000 -10.000000 0.000000 0.000000 1.000000 0.000000 100.000000
4.000000 -0.925025 0.000000 0.000000 -1.383725 8.000000 0.000000 -4.250817 2.500000
51.250000 1.643900 0.000000 0.000000 129.423285 0.000000 4294967296.000000 127.666034 0.000000
31.252056 0.786100 2.838703 1.000000 28.934067 2.000000 0.000000 27.176815 0.000000
46.500000 -1.623600 0.000000 10.000000 -117.803060 0.000000 0.000000 -113.323417 0.000000
7.750000 -1.810779 0.000000 0.000000 -27.542416 11.000000 0.000000 -23.062772 2.000000
20.250000 -1.702500 0.000000 0.000000 -54.918741 0.000000 0.000000 -53.717397 0.000000
0.000000 -10.000000 0.000000 -10.000000 0.000000 0.000000 0.000000 0.000000 100.000000
7.501013 -0.422443 6.272771 1.000000 -7.463636 3.000000 0.000000 -3.263843 0.000000
11.500000 -1.704000 0.000000 0.000000 -33.268115 0.000000 4294967296.000000 -30.555113 7.750000
10.000000 1.339540 0.000000 0.000000 12.485428 1.000000 0.000000 17.776610 0.000000
0.000000 -10.000000 0.000000 -10.000000 0.000000 1.000000 0.000000 0.000000 100.000000
0.000000 -10.000000 0.000000 -10.000000 0.000000 1.000000 0.000000 0.000000 100.000000
0.000000 -10.000000 0.000000 -10.000000 0.000000 1.000000 0.000000 0.000000 100.000000
29.000000 0.500900 0.000000 0.000000 9.780739 2.000000 0.000000 15.141200 14.500000
23.750000 -0.642700 0.000000 0.000000 -21.697346 1.000000 0.000000 -16.336885 0.000000
4.500000 0.363200 0.000000 0.000000 -5.206068 0.000000 4294967296.000000 1.670571 0.000000
34.751606 0.088800 5.252327 1.000000 4.130149 7.000000 0.000000 3.090000 22.250000
22.500000 2.735804 0.000000 0.000000 171.696033 0.000000 1.000000 172.769511 0.000000
0.000000 -10.000000 0.000000 -10.000000 0.000000 0.000000 1.000000 0.000000 100.000000
0.000000 -10.000000 0.000000 -10.000000 0.000000 0.000000 1.000000 0.000000 100.000000
6.752172 -0.678550 2.597168 1.000000 -3.461446 12.000000 0.000000 -4.941461 7.250000
28.000000 -0.354967 5.761845 10.000000 -0.270028 5.000000 0.000000 -10.149108 0.000000
13.000000 1.841322 0.000000 0.000000 49.829785 0.000000 1.000000 39.950704 8.500000
11.750000 2.456551 0.000000 0.000000 63.662242 0.000000 0.000000 68.025327 2.750000
36.250000 0.048300 2.006054 10.000000 -2.611530 7.000000 0.000000 1.751556 0.000000
22.250000 -0.349082 0.000000 10.000000 -12.288870 37.000000 0.000000 -7.925784 0.000000
50.250000 -2.283200 0.000000 0.000000 -244.663409 0.000000 4294967296.000000 -243.864726 0.000000
31.750000 1.226000 0.000000 0.000000 48.637776 82.000000 0.000000 49.436459 21.250000
32.000000 -2.897247 0.000000 0.000000 -286.322822 2.000000 0.000000 -289.103977 0.000000
37.750000 -1.502200 0.000000 0.000000 -74.753737 0.000000 0.000000 -80.575862 2.250000
26.000000 1.357500 0.000000 0.000000 39.343513 0.000000 4294967296.000000 47.179100 2.500000
106.500000 -1.716000 0.000000 0.000000 -279.320787 13.000000 0.000000 -286.615510 0.000000
18.500359 1.208550 7.598611 1.000000 31.213658 24.000000 0.000000 28.213006 0.000000
45.250000 -1.698350 0.000000 10.000000 -116.503165 0.000000 1.000000 -119.503817 0.000000
0.000000 -10.000000 0.000000 -10.000000 0.000000 0.000000 1.000000 0.000000 100.000000
26.500000 -2.980150 0.000000 0.000000 -256.689024 0.000000 1.000000 -260.229732 4.500000
22.000546 -0.898650 7.799221 1.000000 -19.000676 1.000000 0.000000 -22.541384 8.005314
6.001283 1.370133 2.047319 1.000000 12.316684 1.000000 1.000000 11.047770 2.000000
21.750000 2.267648 0.000000 10.000000 105.158966 22.000000 0.000000 103.890053 2.250000
177.002625 0.490750 2.556480 1.000000 84.153722 1.000000 0.000000 90.392926 9.250000
60.750000 -1.436300 0.000000 10.000000 -126.746010 1.000000 1.000000 -120.506806 0.000000
0.000000 -10.000000 0.000000 -10.000000 0.000000 1.000000 1.000000 0.000000 100.000000
3.750000 -0.211800 0.000000 0.000000 -7.039405 0.000000 4294967296.000000 -0.800202 0.000000
0.000000 -10.000000 0.000000 -10.000000 0.000000 0.000000 4294967296.000000 0.000000 100.000000
22.000000 -0.277073 9.004665 10.000000 -6.815559 0.000000 0.000000 -6.173902 1.754692
31.250000 1.354700 0.000000 0.000000 52.969157 2.000000 0.000000 56.524583 0.000000
20.250000 1.408367 0.000000 10.000000 35.372451 0.000000 4294967296.000000 38.927876 0.000000
79.751251 0.519150 5.277129 1.000000 40.704550 2.000000 0.000000 43.287881 2.250000
0.000000 -10.000000 5.277129 -10.000000 0.000000 2.000000 0.000000 0.000000 100.000000
0.000000 -10.000000 5.277129 -10.000000 0.000000 2.000000 0.000000 0.000000 100.000000
41.750202 0.230856 39.251070 1.000000 7.826368 1.000000 1.000000 9.724143 1.505589
63.251499 -0.864300 2.885765 1.000000 -63.631169 2.000000 0.000000 -61.733394 0.000000
20.500000 1.874200 0.000000 0.000000 66.192418 0.000000 4294967296.000000 65.211799 0.000000
106.000183 0.999305 77.756550 1.000000 129.049392 0.000000 0.000000 124.457855 18.750877
52.500031 1.553750 45.027271 1.000000 123.181704 4294967296.000000 0.000000 118.590167 3.000000
17.500000 -2.246292 0.000000 10.000000 -77.426159 1.000000 0.000000 -81.784749 2.000000
26.750000 1.458300 0.000000 10.000000 58.741530 1.000000 1.000000 54.382940 7.500000
19.000000 0.793433 0.000000 10.000000 13.639397 3.000000 0.000000 16.707510 6.500000
69.000023 1.705576 43.784610 1.000000 176.762588 0.000000 1.000000 183.639768 0.000000
22.000000 2.508911 0.000000 0.000000 127.434759 0.000000 1.000000 134.311939 17.250000
27.250000 -0.553100 0.000000 0.000000 -15.804306 0.000000 4294967296.000000 -15.852284 0.000000
0.000000 -10.000000 0.000000 -10.000000 0.000000 0.000000 4294967296.000000 0.000000 100.000000
0.000000 -10.000000 0.000000 -10.000000 0.000000 0.000000 4294967296.000000 0.000000 100.000000
8.000000 1.875800 0.000000 0.000000 25.703719 0.000000 0.000000 25.491222 0.000000
4.000000 0.197100 0.000000 0.000000 1.006011 0.000000 1.000000 0.793515 0.000000
53.500149 -0.450938 46.752173 1.000000 -21.764987 0.000000 1.000000 -24.951217 12.002861
0.000000 -10.000000 46.752173 -10.000000 0.000000 0.000000 1.000000 0.000000 100.000000
4.000000 1.710200 0.000000 0.000000 15.525629 0.000000 4294967296.000000 10.698475 0.000000
0.000000 -10.000000 0.000000 -10.000000 0.000000 0.000000 4294967296.000000 0.000000 100.000000
0.000000 -10.000000 0.000000 -10.000000 0.000000 0.000000 4294967296.000000 0.000000 100.000000
29.250000 -1.150633 2.714235 10.000000 -47.805254 9.000000 0.000000 -41.589953 0.000000
0.000000 -10.000000 2.714235 -10.000000 0.000000 9.000000 0.000000 0.000000 100.000000
0.000000 -10.000000 2.714235 -10.000000 0.000000 9.000000 0.000000 0.000000 100.000000
0.000000 -10.000000 2.714235 -10.000000 0.000000 9.000000 0.000000 0.000000 100.000000
0.000000 -10.000000 2.714235 -10.000000 0.000000 9.000000 0.000000 0.000000 100.000000
27.000919 -0.394650 8.008485 1.000000 -13.480062 0.000000 0.000000 -10.934682 0.000000
44.500343 -0.158995 23.750983 1.000000 -7.226471 63.000000 0.000000 -7.105172 8.250000
24.750000 0.506145 0.000000 0.000000 12.064364 3.000000 0.000000 13.068866 7.750000
54.250000 -2.753257 0.000000 0.000000 -425.989550 2.000000 0.000000 -423.962118 0.000000
35.000000 -1.718300 0.000000 0.000000 -96.451691 0.000000 4294967296.000000 -94.424259 2.000000
83.750000 -2.635447 0.000000 0.000000 -576.476492 1.000000 0.000000 -581.135386 70.000000
3.500000 -1.096800 0.000000 0.000000 -6.158881 4.000000 0.000000 -4.656102 0.000000
22.500000 -2.897247 0.000000 0.000000 -193.015035 0.000000 1.000000 -203.276234 0.000000
41.500000 -0.637900 0.000000 0.000000 -32.266490 0.000000 4294967296.000000 -28.305107 0.000000
7.750000 -0.951204 0.000000 0.000000 -12.496266 2.000000 0.000000 -8.534882 0.000000
13.250000 -2.443461 0.000000 0.000000 -78.122002 6.000000 0.000000 -75.696967 2.500000
0.000000 -10.000000 0.000000 -10.000000 0.000000 6.000000 0.000000 0.000000 100.000000
75.250046 -1.383400 36.526583 1.000000 -143.224745 1.000000 0.000000 -140.631594 0.000000
25.000000 -0.171200 0.000000 0.000000 -6.894090 0.000000 4294967296.000000 -4.300938 0.000000
42.750000 1.489100 0.000000 0.000000 91.720072 1.000000 1.000000 89.935916 2.500000
0.000000 -10.000000 0.000000 -10.000000 0.000000 1.000000 1.000000 0.000000 100.000000
41.750000 -0.982658 0.000000 10.000000 -40.872313 37.000000 0.000000 -47.954743 0.000000
0.000000 -10.000000 0.000000 -10.000000 0.000000 37.000000 0.000000 0.000000 100.000000
23.500000 -0.866300 0.000000 0.000000 -15.919265 0.000000 4294967296.000000 -23.001695 0.000000
0.000000 -10.000000 0.000000 -10.000000 0.000000 0.000000 4294967296.000000 0.000000 100.000000
83.251854 0.770500 2.861080 1.000000 72.455979 0.000000 1.000000 70.683528 0.000000
3.500000 -2.127600 0.000000 0.000000 -12.709800 0.000000 0.000000 -14.482251 0.000000
0.000000 -10.000000 0.000000 -10.000000 0.000000 0.000000 0.000000 0.000000 100.000000
19.000000 0.582967 0.000000 10.000000 9.373464 3.000000 0.000000 11.714499 8.500000
0.000000 -10.000000 0.000000 -10.000000 0.000000 3.000000 0.000000 0.000000 100.000000
37.250000 -1.758419 0.000000 0.000000 -109.319842 0.000000 0.000000 -104.876240 2.500000
31.501984 0.068050 4.252874 1.000000 -2.298238 2.000000 0.000000 2.145365 19.253321
0.000000 -10.000000 4.252874 -10.000000 0.000000 2.000000 0.000000 0.000000 100.000000
23.000000 -1.539667 0.000000 10.000000 -49.340376 0.000000 0.000000 -51.158705 3.500000
0.000000 -10.000000 0.000000 -10.000000 0.000000 0.000000 0.000000 0.000000 100.000000
59.001598 0.625350 3.800708 1.000000 35.834526 2.000000 0.000000 39.348928 4.750000
38.253651 -0.265100 2.260358 1.000000 -10.569235 1.000000 0.000000 -10.260243 1.754717
3.750000 -1.557706 0.000000 0.000000 -8.816430 4.000000 0.000000 -8.507438 2.500000
0.000000 -10.000000 0.000000 -10.000000 0.000000 4.000000 0.000000 0.000000 100.000000
12.000000 1.880592 0.000000 0.000000 43.309160 2.000000 0.000000 38.429324 0.000000
0.000000 -10.000000 0.000000 -10.000000 0.000000 2.000000 0.000000 0.000000 100.000000
0.000000 -10.000000 0.000000 -10.000000 0.000000 2.000000 0.000000 0.000000 100.000000
6.750000 -1.012000 0.000000 0.000000 -8.142720 0.000000 4294967296.000000 -8.058171 0.000000
41.000000 2.805617 0.000000 0.000000 344.101785 1.000000 0.000000 337.774490 0.000000
38.000202 0.239450 36.001884 1.000000 11.122681 1.000000 1.000000 9.186344 0.000000
20.750000 0.310600 0.000000 0.000000 8.485415 0.000000 4294967296.000000 6.549078 4.000000
0.000000 -10.000000 0.000000 -10.000000 0.000000 0.000000 4294967296.000000 0.000000 100.000000
54.500069 1.363588 27.035929 1.000000 98.017172 1.000000 0.000000 99.584114 4.750000
42.000263 1.296200 8.106001 1.000000 72.216470 1.000000 0.000000 71.018467 16.750000
0.000000 -10.000000 8.106001 -10.000000 0.000000 1.000000 0.000000 0.000000 100.000000
11.250000 2.927790 0.000000 0.000000 100.917152 1.000000 0.000000 104.809315 10.000000
26.750341 0.196083 23.750979 1.000000 4.190338 0.000000 0.000000 5.278966 1.256521
27.750000 -1.464600 0.000000 0.000000 -57.901785 1.000000 0.000000 -56.813157 6.000000
53.000000 -1.602300 0.000000 0.000000 -120.035841 0.000000 0.000000 -126.219634 0.000000
42.500000 0.965746 0.000000 10.000000 53.912300 8.000000 0.000000 47.728506 6.750000
0.000000 -10.000000 0.000000 -10.000000 0.000000 8.000000 0.000000 0.000000 100.000000
67.250000 1.341360 0.000000 10.000000 123.310494 30.000000 0.000000 119.797536 2.750000
35.750000 2.123400 0.000000 0.000000 150.800941 0.000000 0.000000 147.287982 0.000000
0.000000 -10.000000 0.000000 -10.000000 0.000000 0.000000 0.000000 0.000000 100.000000
27.500313 -0.648150 17.763953 1.000000 -15.848398 0.000000 4294967296.000000 -19.098800 5.750000
39.750000 -1.276779 0.000000 10.000000 -62.459120 12.000000 0.000000 -65.709523 4.750000
42.501030 1.040400 2.974445 1.000000 51.489275 20.000000 0.000000 52.638284 2.002008
30.500175 -1.335360 11.573981 1.000000 -55.108409 1.000000 0.000000 -53.959400 6.000000
76.250587 0.326716 54.751693 1.000000 28.474356 0.000000 0.000000 25.357886 48.250313
20.500000 -0.377545 0.000000 10.000000 -4.808393 1.000000 0.000000 -7.924862 4.750000
4.500000 -0.270500 0.000000 0.000000 1.884321 0.000000 4294967296.000000 -1.232149 9.750000
0.000000 -10.000000 0.000000 -10.000000 0.000000 0.000000 4294967296.000000 0.000000 100.000000
0.000000 -10.000000 0.000000 -10.000000 0.000000 0.000000 4294967296.000000 0.000000 100.000000
0.000000 -10.000000 0.000000 -10.000000 0.000000 0.000000 4294967296.000000 0.000000 100.000000
40.500061 -1.385850 32.529858 1.000000 -81.034052 1.000000 0.000000 -75.899375 9.750191
31.000000 2.478368 0.000000 0.000000 179.289421 0.000000 1.000000 183.487558 0.000000
38.502296 -0.640750 34.259367 1.000000 -24.946737 1.000000 0.000000 -26.393452 0.000000
24.500000 1.019121 7.325215 10.000000 28.122830 2.000000 0.000000 29.520604 2.250000
70.255524 -0.521750 55.757963 1.000000 -38.168891 0.000000 1.000000 -38.341694 0.000000
59.000000 -1.320200 0.000000 0.000000 -101.794116 0.000000 4294967296.000000 -102.574100 3.500000
50.750000 -2.293300 0.000000 0.000000 -235.691827 1.000000 0.000000 -248.843620 0.000000
16.000000 -2.103700 0.000000 0.000000 -51.443695 16.000000 0.000000 -64.595487 0.000000
30.250000 0.888599 12.294683 10.000000 43.711669 1.000000 0.000000 30.559876 17.254059
57.000000 -1.213004 0.000000 0.000000 -86.960443 58.000000 0.000000 -87.388705 0.000000
0.000000 -10.000000 0.000000 -10.000000 0.000000 58.000000 0.000000 0.000000 100.000000
0.000000 -10.000000 0.000000 -10.000000 0.000000 58.000000 0.000000 0.000000 100.000000
46.750610 1.298405 43.017857 1.000000 74.835431 1.000000 1.000000 79.253556 0.000000
0.000000 -10.000000 43.017857 -10.000000 0.000000 1.000000 1.000000 0.000000 100.000000
24.250000 0.811600 18.270956 10.000000 17.496122 1.000000 0.000000 21.914247 3.754158
0.000000 -10.000000 18.270956 -10.000000 0.000000 1.000000 0.000000 0.000000 100.000000
0.000000 -10.000000 18.270956 -10.000000 0.000000 1.000000 0.000000 0.000000 100.000000
32.250000 -1.269727 0.000000 0.000000 -51.253378 3.000000 0.000000 -52.873428 43.750000
26.000889 0.331080 8.508010 1.000000 10.386544 1.000000 0.000000 8.766495 4.502742
50.250149 0.633931 39.004903 1.000000 34.068591 0.000000 0.000000 34.032001 13.250000
0.000000 -10.000000 39.004903 -10.000000 0.000000 0.000000 0.000000 0.000000 100.000000
13.500647 0.458650 11.259053 1.000000 4.426142 4294967296.000000 0.000000 6.411461 0.000000
43.250000 0.294433 0.000000 10.000000 19.588169 1.000000 0.000000 12.919031 0.000000
35.750328 -0.999350 10.800902 1.000000 -39.656803 0.000000 4294967296.000000 -41.977980 16.500000
20.500000 0.611467 24.260016 10.000000 15.652103 1.000000 0.000000 13.330925 15.507233
47.500301 0.974750 13.035478 1.000000 56.846747 2.000000 0.000000 53.989269 0.000000
0.000000 -10.000000 13.035478 -10.000000 0.000000 2.000000 0.000000 0.000000 100.000000
0.000000 -10.000000 13.035478 -10.000000 0.000000 2.000000 0.000000 0.000000 100.000000
0.000000 -10.000000 13.035478 -10.000000 0.000000 2.000000 0.000000 0.000000 100.000000
22.504023 0.710100 5.064911 1.000000 28.716856 1.000000 0.000000 17.357348 6.503231
0.000000 -10.000000 5.064911 -10.000000 0.000000 1.000000 0.000000 0.000000 100.000000
35.500000 -0.986111 0.000000 0.000000 -43.966283 10.000000 0.000000 -40.962814 0.000000
0.000000 -10.000000 0.000000 -10.000000 0.000000 10.000000 0.000000 0.000000 100.000000
0.000000 -10.000000 0.000000 -10.000000 0.000000 10.000000 0.000000 0.000000 100.000000
23.500000 1.932952 0.000000 0.000000 78.946070 0.000000 1.000000 79.490618 8.500000
70.000000 2.111609 0.000000 10.000000 282.314556 35.000000 0.000000 284.916946 2.000000
31.002684 -1.002037 25.523835 1.000000 -39.134314 0.000000 4294967296.000000 -36.531924 4.250946
11.250000 -1.011389 17.032213 10.000000 -16.021977 0.000000 1.000000 -13.419587 0.000000
73.000397 0.370350 18.503671 1.000000 31.587880 2.000000 0.000000 27.657944 0.000000
56.500000 0.646901 20.511754 10.000000 43.082933 1.000000 0.000000 39.152997 8.753809
60.250000 0.607333 0.000000 10.000000 42.154143 1.000000 0.000000 38.883195 0.000000
20.000156 1.376350 13.065493 1.000000 40.350447 0.000000 4294967296.000000 37.079499 2.000000
36.250526 0.328898 14.254776 1.000000 16.185652 1.000000 0.000000 12.138844 9.003850
38.750000 -0.792600 0.000000 0.000000 -37.103737 4294967296.000000 0.000000 -34.031535 0.000000
39.502987 -0.162350 2.758481 1.000000 -6.475271 13.000000 0.000000 -6.441520 0.000000
29.251461 0.043300 5.752119 1.000000 1.233233 0.000000 0.000000 1.266984 5.501535
0.000000 -10.000000 5.752119 -10.000000 0.000000 0.000000 0.000000 0.000000 100.000000
24.000000 -1.289300 0.000000 0.000000 -41.043512 1.000000 0.000000 -40.257370 3.500000
25.250000 -2.422500 0.000000 0.000000 -142.000660 1.000000 0.000000 -141.214518 0.000000
40.002262 -0.659978 2.597255 1.000000 -29.145465 9.000000 0.000000 -28.359323 0.000000
33.500000 -1.950405 0.000000 0.000000 -118.722176 0.000000 1.000000 -115.396125 7.750000
20.000000 -1.255000 0.000000 0.000000 -35.553676 4.000000 0.000000 -32.227625 0.000000
59.750000 1.258851 5.410152 10.000000 93.174723 1.000000 0.000000 96.717148 0.000000
9.750000 -2.609267 0.000000 0.000000 -69.430493 0.000000 1.000000 -65.888068 0.000000
0.000000 -10.000000 0.000000 -10.000000 0.000000 0.000000 1.000000 0.000000 100.000000
34.750000 -1.916100 0.000000 0.000000 -111.418896 2.000000 0.000000 -115.495602 20.750000
4.250000 -1.464900 0.000000 0.000000 -4.627314 0.000000 4294967296.000000 -8.704020 0.000000
2.500000 1.442800 0.000000 0.000000 0.334169 0.000000 4294967296.000000 4.995332 0.000000
0.000000 -10.000000 0.000000 -10.000000 0.000000 0.000000 4294967296.000000 0.000000 100.000000
33.000854 -0.637550 6.778268 1.000000 -18.729129 2.000000 0.000000 -22.494278 4.250000
3.000000 0.248200 0.000000 0.000000 0.916506 1.000000 1.000000 0.752269 2.250000
0.000000 -10.000000 0.000000 -10.000000 0.000000 1.000000 1.000000 0.000000 100.000000
34.000000 -0.639967 0.000000 10.000000 -24.142302 6.000000 0.000000 -23.274830 3.750000
47.250065 1.150100 43.764681 1.000000 73.601141 2.000000 0.000000 67.140065 0.000000
21.000000 1.733100 0.000000 0.000000 64.016109 0.000000 1.000000 57.555033 0.000000
0.000000 -10.000000 0.000000 -10.000000 0.000000 0.000000 1.000000 0.000000 100.000000
60.250057 1.316150 36.773220 1.000000 105.807157 1.000000 0.000000 104.258837 9.750000
17.750000 0.441600 0.000000 0.000000 9.643977 1.000000 0.000000 8.095657 14.750000
46.250000 -1.633433 0.000000 10.000000 -112.718561 0.000000 0.000000 -113.917685 0.000000
30.750000 -1.458400 0.000000 0.000000 -61.322813 0.000000 4294967296.000000 -62.521936 3.750000
65.250000 2.132800 0.000000 0.000000 267.729085 160.000000 0.000000 271.438607 2.750000
50.250000 2.469641 0.000000 0.000000 291.096870 0.000000 1.000000 294.806393 0.000000
34.000000 2.040364 0.000000 10.000000 124.868752 2.000000 0.000000 128.578275 0.000000
0.000000 -10.000000 0.000000 -10.000000 0.000000 2.000000 0.000000 0.000000 100.000000
0.000000 -10.000000 0.000000 -10.000000 0.000000 2.000000 0.000000 0.000000 100.000000
0.000000 -10.000000 0.000000 -10.000000 0.000000 2.000000 0.000000 0.000000 100.000000
96.250061 -0.783100 83.003754 1.000000 -90.851652 0.000000 1.000000 -83.316853 1.253983
10.751963 0.354700 3.528876 1.000000 1.355161 11.000000 0.000000 3.894194 0.000000
24.500000 1.329100 0.000000 0.000000 40.494318 0.000000 4294967296.000000 43.033351 0.000000
25.750000 -2.240300 0.000000 0.000000 -118.525780 0.000000 1.000000 -119.605178 8.000000
26.250000 -1.936400 0.000000 0.000000 -88.033087 0.000000 0.000000 -89.112485 0.000000
23.250000 -0.102200 0.000000 0.000000 4.585074 0.000000 4294967296.000000 -2.380289 0.000000
3.750000 -1.968000 0.000000 0.000000 -16.916609 0.000000 4294967296.000000 -13.156151 0.000000
50.750000 -1.198900 0.000000 0.000000 -74.864023 4.000000 0.000000 -76.504129 12.750000
49.000000 -2.347867 0.000000 10.000000 -252.367384 4.000000 0.000000 -254.007490 3.500000
0.000000 -10.000000 0.000000 -10.000000 0.000000 4.000000 0.000000 0.000000 100.000000
0.000000 -10.000000 0.000000 -10.000000 0.000000 4.000000 0.000000 0.000000 100.000000
107.000000 0.358800 0.000000 0.000000 39.215784 0.000000 0.000000 39.220657 21.500000
20.750000 -0.521100 0.000000 0.000000 -11.313747 4294967296.000000 0.000000 -11.308874 8.250000
0.000000 -10.000000 0.000000 -10.000000 0.000000 4294967296.000000 0.000000 0.000000 100.000000
8.000000 2.823070 0.000000 0.000000 66.933147 2.000000 0.000000 67.076049 0.000000
6.250559 -1.221000 4.421626 1.000000 -16.893857 0.000000 4294967296.000000 -9.674745 0.000000
0.000000 -10.000000 4.421626 -10.000000 0.000000 0.000000 4294967296.000000 0.000000 100.000000
0.000000 -10.000000 4.421626 -10.000000 0.000000 0.000000 4294967296.000000 0.000000 100.000000
2.500000 2.125500 0.000000 0.000000 12.020478 0.000000 4294967296.000000 10.322139 0.000000
0.000000 -10.000000 0.000000 -10.000000 0.000000 0.000000 4294967296.000000 0.000000 100.000000
268.250000 -0.733367 42.757190 10.000000 -215.243750 2.000000 0.000000 -214.839976 33.500900
6.750000 0.696446 215.252468 10.000000 4.686584 1.000000 0.000000 5.090358 1.254074
24.250000 0.609800 0.000000 0.000000 15.317547 0.000000 4294967296.000000 15.721321 5.000000
0.000000 -10.000000 0.000000 -10.000000 0.000000 0.000000 4294967296.000000 0.000000 100.000000
39.750000 2.382374 0.000000 0.000000 205.931581 0.000000 0.000000 213.422842 0.000000
0.000000 -10.000000 0.000000 -10.000000 0.000000 0.000000 0.000000 0.000000 100.000000
58.000000 -2.718350 0.000000 0.000000 -435.102455 1.000000 0.000000 -437.590119 10.500000
